URL: https://intergrowth21.ndog.ox.ac.uk/Content/PDF/VeryPreterm/INTERGROWTH-21st_Length_Z_Scores_Girls.pdf
Accessed: 2026-09-30
Note: 

© University of Oxford Lancet	  	  2016	  doi.org/10.1016/S0140-­‐6736(16)	  00384-­‐6.	  
-3 -2 -1 0 1 2 3
24+0 23.99 26.59 29.19 31.79 34.39 36.99 39.59
24+1 24.17 26.77 29.37 31.97 34.57 37.17 39.77
24+2 24.35 26.95 29.55 32.15 34.75 37.35 39.95
24+3 24.53 27.13 29.73 32.33 34.93 37.53 40.13
24+4 24.72 27.31 29.91 32.51 35.11 37.71 40.31
24+5 24.90 27.50 30.10 32.70 35.29 37.89 40.49
24+6 25.08 27.68 30.28 32.88 35.48 38.08 40.68
25+0 25.26 27.86 30.46 33.06 35.66 38.26 40.86
25+1 25.44 28.04 30.64 33.24 35.84 38.44 41.04
25+2 25.62 28.22 30.82 33.42 36.02 38.62 41.22
25+3 25.80 28.40 31.00 33.60 36.20 38.80 41.40
25+4 25.99 28.58 31.18 33.78 36.38 38.98 41.58
25+5 26.17 28.77 31.37 33.97 36.56 39.16 41.76
25+6 26.35 28.95 31.55 34.15 36.75 39.35 41.95
26+0 26.53 29.13 31.73 34.33 36.93 39.53 42.13
26+1 26.71 29.31 31.91 34.51 37.11 39.71 42.31
26+2 26.89 29.49 32.09 34.69 37.29 39.89 42.49
26+3 27.07 29.67 32.27 34.87 37.47 40.07 42.67
26+4 27.26 29.85 32.45 35.05 37.65 40.25 42.85
26+5 27.44 30.04 32.64 35.24 37.83 40.43 43.03
26+6 27.62 30.22 32.82 35.42 38.02 40.62 43.22
27+0 27.80 30.40 33.00 35.60 38.20 40.80 43.40
27+1 27.98 30.58 33.18 35.78 38.38 40.98 43.58
27+2 28.16 30.76 33.36 35.96 38.56 41.16 43.76
27+3 28.34 30.94 33.54 36.14 38.74 41.34 43.94
27+4 28.53 31.12 33.72 36.32 38.92 41.52 44.12
27+5 28.71 31.31 33.91 36.51 39.10 41.70 44.30
27+6 28.89 31.49 34.09 36.69 39.29 41.89 44.49
28+0 29.07 31.67 34.27 36.87 39.47 42.07 44.67
28+1 29.25 31.85 34.45 37.05 39.65 42.25 44.85
28+2 29.43 32.03 34.63 37.23 39.83 42.43 45.03
28+3 29.61 32.21 34.81 37.41 40.01 42.61 45.21
28+4 29.80 32.39 34.99 37.59 40.19 42.79 45.39
28+5 29.98 32.58 35.18 37.78 40.37 42.97 45.57
28+6 30.16 32.76 35.36 37.96 40.56 43.16 45.76
29+0 30.34 32.94 35.54 38.14 40.74 43.34 45.94
29+1 30.52 33.12 35.72 38.32 40.92 43.52 46.12
29+2 30.70 33.30 35.90 38.50 41.10 43.70 46.30
29+3 30.88 33.48 36.08 38.68 41.28 43.88 46.48
The International Very Preterm Size at Birth Reference Charts
          INTERGROWTH-21st  
                Length (cm) Girls
Gestational age 
(weeks+days) z scores (Standard Deviations)


© University of Oxford Lancet	  	  2016	  doi.org/10.1016/S0140-­‐6736(16)	  00384-­‐6.	  
-3 -2 -1 0 1 2 3
The International Very Preterm Size at Birth Reference Charts
          INTERGROWTH-21st  
                Length (cm) Girls
Gestational age 
(weeks+days) z scores (Standard Deviations)
29+4 31.07 33.66 36.26 38.86 41.46 44.06 46.66
29+5 31.25 33.85 36.45 39.05 41.64 44.24 46.84
29+6 31.43 34.03 36.63 39.23 41.83 44.43 47.03
30+0 31.61 34.21 36.81 39.41 42.01 44.61 47.21
30+1 31.79 34.39 36.99 39.59 42.19 44.79 47.39
30+2 31.97 34.57 37.17 39.77 42.37 44.97 47.57
30+3 32.15 34.75 37.35 39.95 42.55 45.15 47.75
30+4 32.34 34.93 37.53 40.13 42.73 45.33 47.93
30+5 32.52 35.12 37.72 40.32 42.91 45.51 48.11
30+6 32.70 35.30 37.90 40.50 43.10 45.70 48.30
31+0 32.88 35.48 38.08 40.68 43.28 45.88 48.48
31+1 33.06 35.66 38.26 40.86 43.46 46.06 48.66
31+2 33.24 35.84 38.44 41.04 43.64 46.24 48.84
31+3 33.42 36.02 38.62 41.22 43.82 46.42 49.02
31+4 33.61 36.20 38.80 41.40 44.00 46.60 49.20
31+5 33.79 36.39 38.99 41.59 44.19 46.78 49.38
31+6 33.97 36.57 39.17 41.77 44.37 46.97 49.57
32+0 34.15 36.75 39.35 41.95 44.55 47.15 49.75
32+1 34.33 36.93 39.53 42.13 44.73 47.33 49.93
32+2 34.51 37.11 39.71 42.31 44.91 47.51 50.11
32+3 34.69 37.29 39.89 42.49 45.09 47.69 50.29
32+4 34.88 37.48 40.07 42.67 45.27 47.87 50.47
32+5 35.06 37.66 40.26 42.86 45.46 48.05 50.65
32+6 35.24 37.84 40.44 43.04 45.64 48.24 50.84